9.999999999999999167e-02 6.201119999999999663e+02 7.104950000000000045e+02 7.800910000000000082e+02 1.117921000000000049e+03 1.186393000000000029e+03 1.340012999999999920e+03 nan 1.368564000000000078e+03 1.320903000000000020e+03 1.369778000000000020e+03 1.514924999999999955e+03 1.601369999999999891e+03 1.690509999999999991e+03
1.262600109874855159e-01 6.214900797070388307e+02 7.117183739901344097e+02 7.818589837832226976e+02 1.119938453887603828e+03 1.188846598417917676e+03 1.342427208401436474e+03 nan 1.371311596367016591e+03 1.323844121230598375e+03 1.373191801428373083e+03 1.517750234660371007e+03 1.603829877985762550e+03 1.692913361875159126e+03
1.594159037455999683e-01 6.232030965966149552e+02 7.131957763617867840e+02 7.840545454192043735e+02 1.122452858658896275e+03 1.191899650964717239e+03 1.345441503757617966e+03 nan 1.374752536676461659e+03 1.327515097524312750e+03 1.377427466931251729e+03 1.521289987658967448e+03 1.606939078595742103e+03 1.695905274768796971e+03
2.012785375849938385e-01 6.253158910408426436e+02 7.149362470777761018e+02 7.867584909958306980e+02 1.125566550621283795e+03 1.195671093704248051e+03 1.349184403792258308e+03 nan 1.379044725209661465e+03 1.332071147507166870e+03 1.382636827714932679e+03 1.525708398376016021e+03 1.610870994764990428e+03 1.699603775040274286e+03
2.541343036702639058e-01 6.276331563681206944e+02 7.169466161012401244e+02 7.897123524217257682e+02 1.128973720581968564e+03 1.199762322834098541e+03 1.353310891512033322e+03 1.260940164057137281e+03 1.383883962418566625e+03 1.337096980967078707e+03 1.388365998809646726e+03 1.530452690759026609e+03 1.615293484842879252e+03 1.703653735372336996e+03
3.208699997370449974e-01 6.303367839629742093e+02 7.193140870139642402e+02 7.931511624004003806e+02 1.132944958994399485e+03 1.204529383530650421e+03 1.358140034097878697e+03 1.267177032952981108e+03 1.389580101471060971e+03 1.342978997144135747e+03 1.395068569623689655e+03 1.535975861613065490e+03 1.620517937784207106e+03 1.708382459984748493e+03
4.051304969235378084e-01 6.331108068561635491e+02 7.216572459463631048e+02 7.966590284889445002e+02 1.137012171362139043e+03 1.209479837138401308e+03 1.363137697487741434e+03 1.273413901848824935e+03 1.395444273519933859e+03 1.349062485522564657e+03 1.402022152214200560e+03 1.541788640734576347e+03 1.626033116000761311e+03 1.713269568821565144e+03
5.115178099293145042e-01 6.360419209224756969e+02 7.242007751379256888e+02 8.003494276082963097e+02 1.141300214399122524e+03 1.214732157399823336e+03 1.368449367303881445e+03 1.279650770744668762e+03 1.401758423944381775e+03 1.355525233153418185e+03 1.409456880411126576e+03 1.547916377899198778e+03 1.631958565215054023e+03 1.718474653490326546e+03
6.458424430196978427e-01 6.392165689581972856e+02 7.270301105802880102e+02 8.043287129583347905e+02 1.145934086619684422e+03 1.220444558137784043e+03 1.374236465642682788e+03 1.285887639640512589e+03 1.408726923812265795e+03 1.362563188685241812e+03 1.417605471323868187e+03 1.554537599447385674e+03 1.638484121414795936e+03 1.724157568333218705e+03
8.154407395185152563e-01 6.419082947538424833e+02 7.293516569019061535e+02 8.076612522373013690e+02 1.149853209250390591e+03 1.225324194342110104e+03 1.379219927104890758e+03 1.292124508536356188e+03 1.414674156058895733e+03 1.368636425647963279e+03 1.424741216684667506e+03 1.560299105546070905e+03 1.644233739635050370e+03 1.729107634140889559e+03
1.029575567312512652e+00 6.448234727901690349e+02 7.319196951326725866e+02 8.112556885157105171e+02 1.154123130417713128e+03 1.230611006553803463e+03 1.384648471058117366e+03 1.298361377432200243e+03 1.421137021889633388e+03 1.375183694668080307e+03 1.432580770327856271e+03 1.566561561435783233e+03 1.650537949197788976e+03 1.734532582121115865e+03
1.299942224413244807e+00 6.476048309293086049e+02 7.345301318219210316e+02 8.146567146022741781e+02 1.158266266363077420e+03 1.235651635494233005e+03 1.389891098075691161e+03 1.304598246328043842e+03 1.427351104275134730e+03 1.381325057745809772e+03 1.440296475342220674e+03 1.572559350495604122e+03 1.656701687447140557e+03 1.739843577718646429e+03
1.641307195375129924e+00 6.502939050484469590e+02 7.370905902302449704e+02 8.179317431819202966e+02 1.162312608285963506e+03 1.240514910711683342e+03 1.394988585729712213e+03 1.310835115223887669e+03 1.433367368317791261e+03 1.387188234713859174e+03 1.447943346698228424e+03 1.578527811033582338e+03 1.662712493674437837e+03 1.745112188707775658e+03
2.072314645219029305e+00 6.532176636560312772e+02 7.399026221921487831e+02 8.214846533485385862e+02 1.166740553928785175e+03 1.245796368202092708e+03 1.400548865768682617e+03 1.317071984119731496e+03 1.439916529764654797e+03 1.393520225256958156e+03 1.456379265637076514e+03 1.585101694302509486e+03 1.669276697681683572e+03 1.750932727690368210e+03
2.616504698748823632e+00 6.558607882605535906e+02 7.425227528507473380e+02 8.246908348340152770e+02 1.170801638531941535e+03 1.250564958833673245e+03 1.405593383751348711e+03 1.323431988197386318e+03 1.445869603405489443e+03 1.399233336436485388e+03 1.464176571658670809e+03 1.590932723153440747e+03 1.675209135730022354e+03 1.756369911518810113e+03
3.303599120128339450e+00 6.586779067495216395e+02 7.451941374092215256e+02 8.281139756890368062e+02 1.175131860085131848e+03 1.255671914544795754e+03 1.410937643592077166e+03 1.329924110113071720e+03 1.452251360757932389e+03 1.405292784539341028e+03 1.472486210214461153e+03 1.597092153391276725e+03 1.681518441500572408e+03 1.762228908486630189e+03
4.171124612056515524e+00 6.616262034213459629e+02 7.478218688992700436e+02 8.317046927251440138e+02 1.179666212656325115e+03 1.261050572594750292e+03 1.416485936738223245e+03 1.336416232028757122e+03 1.458981294574124831e+03 1.411593148111946448e+03 1.481181460145081019e+03 1.603461532003017055e+03 1.688102605234106250e+03 1.768449292013883223e+03
5.266462393484280469e+00 6.643823752860022296e+02 7.503503216051434492e+02 8.350771520469517100e+02 1.183844665066637617e+03 1.266188314055803176e+03 1.421544843788800790e+03 1.342908353944442752e+03 1.465116132765249631e+03 1.417380619103465961e+03 1.489149073623432059e+03 1.609475995349485629e+03 1.694004730804035717e+03 1.774293766805307541e+03
6.649435996665046034e+00 6.674331970265562859e+02 7.530953530093349855e+02 8.388223934473586496e+02 1.188438898622674742e+03 1.271907417112663097e+03 1.427079249050228782e+03 1.349400475860128154e+03 1.471874825985976713e+03 1.423761650648697923e+03 1.497870365065482019e+03 1.616081959403211840e+03 1.700460253608036510e+03 1.780752731412997946e+03
8.395578619995104575e+00 6.704185376406368277e+02 7.555510956678823504e+02 8.425185586005997038e+02 1.192869153890001598e+03 1.277540747504409183e+03 1.432356861046408767e+03 1.355892597775813556e+03 1.478482861516692537e+03 1.429987640949063916e+03 1.506176787565734003e+03 1.622331215278502896e+03 1.706680121388685166e+03 1.787018518091525266e+03
1.060025848806882465e+01 6.734402810972580937e+02 7.580461419902125044e+02 8.462838744359481780e+02 1.197286905637380187e+03 1.283318165035821721e+03 1.437596566993219085e+03 1.362384719691498958e+03 1.485163382288632874e+03 1.436366684117076602e+03 1.514419804313682107e+03 1.628496933576482888e+03 1.712875383919797287e+03 1.793293297902581116e+03
1.338388753173756385e+01 6.767639907274242432e+02 7.607959823463866087e+02 8.504446819907989266e+02 1.202093999098186032e+03 1.289733527596796648e+03 1.443280306133941622e+03 1.369550846643794330e+03 1.492500179434356824e+03 1.443449953760431299e+03 1.523357025890789373e+03 1.635165071218268167e+03 1.719611051925440279e+03 1.800141099742568485e+03
1.689849786812456856e+01 6.797551855409873269e+02 7.632329724887243856e+02 8.542305853895153405e+02 1.206331863958341955e+03 1.295647948726508503e+03 1.448274538375581187e+03 1.376919706961305792e+03 1.498958929470712292e+03 1.450096343323836891e+03 1.531168755674821568e+03 1.641260741674418341e+03 1.725539996238360345e+03 1.806182163029855701e+03
2.133604526501410703e+01 6.830128472835091316e+02 7.659457326024270287e+02 8.583669914986420508e+02 1.210919156490975865e+03 1.302124984843892662e+03 1.453667552755955512e+03 1.384288567278817027e+03 1.505937253849977424e+03 1.457373665096840568e+03 1.539606904139158814e+03 1.647844252862800204e+03 1.731951220924679319e+03 1.812705915172332880e+03
2.693889309590172587e+01 6.863481028586998036e+02 7.688250533354038225e+02 8.626249269288568939e+02 1.215566893955050091e+03 1.308818388120243071e+03 1.459108883920284825e+03 1.391657427596328262e+03 1.512984849186457723e+03 1.464891820800459072e+03 1.548125318569140745e+03 1.654488692425272575e+03 1.738435415605369371e+03 1.819288673173166899e+03
3.401304938279253065e+01 6.894827243770466794e+02 7.714240421808552810e+02 8.666438003004318489e+02 1.219935193234792905e+03 1.315199038377412535e+03 1.464163817648473469e+03 1.399026287913839496e+03 1.519505738015923953e+03 1.472198597873088147e+03 1.556080442317153484e+03 1.660910954874977506e+03 1.744467890400527722e+03 1.825378645443051710e+03
4.294487988789272492e+01 6.929123523821098161e+02 7.742631904126548079e+02 8.710501537235246587e+02 1.224734015147952050e+03 1.322195453401650411e+03 1.469675694264625236e+03 1.406395148231350731e+03 1.526599426085282630e+03 1.480246109189423805e+03 1.564781209082132364e+03 1.667976677447851898e+03 1.751021222377380127e+03 1.831993272556705506e+03
5.422221006501586515e+01 6.961180664025988563e+02 7.770555169888600631e+02 8.751870455929621357e+02 1.229310847815758507e+03 1.328673264827841649e+03 1.474827044957188036e+03 1.413764008548862193e+03 1.533190089266337054e+03 1.487659926347124838e+03 1.572975332758751392e+03 1.674500957243692710e+03 1.757017452518113942e+03 1.838091491716540077e+03
6.846096838574656829e+01 6.993843785262124584e+02 7.799622170605605334e+02 8.794065617211472272e+02 1.234006813388960609e+03 1.335224462042179994e+03 1.480121784857349439e+03 1.421132868866373428e+03 1.539863558436117501e+03 1.495261655920084650e+03 1.581424115186593326e+03 1.681290100622981754e+03 1.763077074402504877e+03 1.844279195926889543e+03
8.643882620598270705e+01 7.029033220723597424e+02 7.831528491851881881e+02 8.839566805771379450e+02 1.239097291888418113e+03 1.342235265093665021e+03 1.485870207372568757e+03 1.428691792128686757e+03 1.547013084623455825e+03 1.503497186085246540e+03 1.590622119680033165e+03 1.688740193604669230e+03 1.769557426605941146e+03 1.850920731202460047e+03
1.091376714651272692e+02 7.060074750212688741e+02 7.859964410321352943e+02 8.879610972191781002e+02 1.243726439472881111e+03 1.348370413632319242e+03 1.491055932209626917e+03 1.436441968702434906e+03 1.553253751823479888e+03 1.510830555257623473e+03 1.598916592506185680e+03 1.695256530149715218e+03 1.775291865884561048e+03 1.856752769609417328e+03
1.377972359833556766e+02 7.094301793892203705e+02 7.891128314971410873e+02 8.923683558221707699e+02 1.248861581624403470e+03 1.355098609949507818e+03 1.496820695354489771e+03 1.444192145276183055e+03 1.560153517048764343e+03 1.518896419463753091e+03 1.608119260833818089e+03 1.702423718346161422e+03 1.781702128796328225e+03 1.863181454850288446e+03
1.739828052930363924e+02 7.128505717274268818e+02 7.921834109825764472e+02 8.967554352911535034e+02 1.254052352988103848e+03 1.361745054152159128e+03 1.502677239567012975e+03 1.451942321849931204e+03 1.567093979581074564e+03 1.526908262220769075e+03 1.617429423336513310e+03 1.709550371590430586e+03 1.788299047523407808e+03 1.869603467150982397e+03
2.196707090793235295e+02 7.161613349791680321e+02 7.950084796298973515e+02 9.009725627646154180e+02 1.259072838017727463e+03 1.368124781278154160e+03 1.508429629233877904e+03 1.459692498423679581e+03 1.573764763488830567e+03 1.534512881921228654e+03 1.626521792131710754e+03 1.716507901677320433e+03 1.794792186202341327e+03 1.875802923119214029e+03
2.773562614198415304e+02 7.197925985951113717e+02 7.980246171427349964e+02 9.055809982988690763e+02 1.264568300206349704e+03 1.375082360687459641e+03 1.514790387533812691e+03 1.467442674997427730e+03 1.581066662155100403e+03 1.542776296086099592e+03 1.636547591674130445e+03 1.724163912539960165e+03 1.801989599723825449e+03 1.882591305895153937e+03
3.501900461431709459e+02 7.231480072228279141e+02 8.006988302245765681e+02 9.098133346424109504e+02 1.269580590576653321e+03 1.381401713602992459e+03 1.520765275627457640e+03 1.475192851571175879e+03 1.587861364626226532e+03 1.550345598208517686e+03 1.645930837219581690e+03 1.731225143923358928e+03 1.808831896643571554e+03 1.888838077276541298e+03
4.421499907374487179e+02 7.266616376028227933e+02 8.035490745135982706e+02 9.142227230066398533e+02 1.274813626387514660e+03 1.387939410672126769e+03 1.527051381136063128e+03 1.482943028144924256e+03 1.595037440858369337e+03 1.558326759648150755e+03 1.655838807504969509e+03 1.738576280987474775e+03 1.816112075210297689e+03 1.895362539404771042e+03
5.582586268862694396e+02 7.303794739944569301e+02 8.066248042872342694e+02 9.188613897814882421e+02 1.280332096449295705e+03 1.394761630682419309e+03 1.533738146606250439e+03 1.490831570246606816e+03 1.602703646849316328e+03 1.566837602843502964e+03 1.666421193450678629e+03 1.746303050787218808e+03 1.823953460390130886e+03 1.902245974447610934e+03
7.048574036451902884e+02 7.337370398257551187e+02 8.095588433468097946e+02 9.230214440967813516e+02 1.285296604346641288e+03 1.400930298179825286e+03 1.539787550935996478e+03 1.499471773729771485e+03 1.609666132638442150e+03 1.574561001036464859e+03 1.676126110453809815e+03 1.753438056024625439e+03 1.831231966808608377e+03 1.908439659199539165e+03
8.899530352885224147e+02 7.374228764367778695e+02 8.128212721264829952e+02 9.275833208858480248e+02 1.290742359439280335e+03 1.407740477360954628e+03 1.546408224524569277e+03 1.508111977212935926e+03 1.617317684847882219e+03 1.583026324307649702e+03 1.686847503458971914e+03 1.761290648567721291e+03 1.839304710928057830e+03 1.915253858313052206e+03
1.123654800138751625e+03 7.410055000804028396e+02 8.160547182026338078e+02 9.320138589057112313e+02 1.296030700049682082e+03 1.414466317125241403e+03 1.552782414667806734e+03 1.516752180696100368e+03 1.624764746242686670e+03 1.591203877533878085e+03 1.697408116331537713e+03 1.768924350007441262e+03 1.847316018551364778e+03 1.921927784952263210e+03
1.418726674116596314e+03 7.445143321117540154e+02 8.192607702619686734e+02 9.363942676710905744e+02 1.301240793104835120e+03 1.421286102413644130e+03 1.558962582600792757e+03 1.525392384179264809e+03 1.632220931176010936e+03 1.599398661652590818e+03 1.707894164882213317e+03 1.776505040743505788e+03 1.855174198088592220e+03 1.928614037773372957e+03
1.791284454622002158e+03 7.483300251129742264e+02 8.227841612487094380e+02 9.411930746329567228e+02 1.306929448340951240e+03 1.428864356858510973e+03 1.565640959419745514e+03 1.534032587662429250e+03 1.640433812315570322e+03 1.608431807448882637e+03 1.719405898740343218e+03 1.784805464396787329e+03 1.863719887139506909e+03 1.935990039183939189e+03
2.261675949222864801e+03 7.517287694492230230e+02 8.260873067365010911e+02 9.455953136300031474e+02 1.312047212461418439e+03 1.435847178267894606e+03 1.571545801175975612e+03 1.542672791145593919e+03 1.647799029118782073e+03 1.616562988031756277e+03 1.729920012582609388e+03 1.792096196207643061e+03 1.871239352391456123e+03 1.942717734832103133e+03
2.855592301990106080e+03 7.553459560595240418e+02 8.296938862227984828e+02 9.503426955453702476e+02 1.317518636380600583e+03 1.443456166513583867e+03 1.577850447272405290e+03 1.551312994628758361e+03 1.655654982113087499e+03 1.625334344637148433e+03 1.741241021035142467e+03 1.799922977248074631e+03 1.879228972383062001e+03 1.949834917768677315e+03
3.605471154250505606e+03 7.590566830052650857e+02 8.335310860419497203e+02 9.553065953281505926e+02 1.323168828050058437e+03 1.451529244600555330e+03 1.584348713387420958e+03 1.559953198111922802e+03 1.663740258091402893e+03 1.634509726905060461e+03 1.753052431821949540e+03 1.808053834820360407e+03 1.887405411549317932e+03 1.957071477307153827e+03
4.552268275507309227e+03 7.624742609915512048e+02 8.369716849627657211e+02 9.599754165562161461e+02 1.328450209009132323e+03 1.459191411022295370e+03 1.590412015763703948e+03 1.568630983750542555e+03 1.671194495115119480e+03 1.643246825988932414e+03 1.764110493124730056e+03 1.815606636432784853e+03 1.894934609601239117e+03 1.963359731320170567e+03
5.747694424835346581e+03 7.662197718531759847e+02 8.407179690237425120e+02 9.651338141803014423e+02 1.334262891487647039e+03 1.467660891258896754e+03 1.597094582919284221e+03 1.578484420896561687e+03 1.679372512513959691e+03 1.652878435982008568e+03 1.776290065473746381e+03 1.823915895046724700e+03 1.903178959211047868e+03 1.970025195708921956e+03
7.257039612324216250e+03 7.697954807932171661e+02 8.442851484144295000e+02 9.701290838343138603e+02 1.339835733483652575e+03 1.475816968202214866e+03 1.603545968498786124e+03 1.588337858042581047e+03 1.687205075835338221e+03 1.662030642439207213e+03 1.787985905399112426e+03 1.831911129059360746e+03 1.911023098349407292e+03 1.975869155523690551e+03
9.162739011886731532e+03 7.734222041625463362e+02 8.477037422013233936e+02 9.752275916073574535e+02 1.345444874157273489e+03 1.484110917773570236e+03 1.610108990143410892e+03 1.598191295188600407e+03 1.695081264334084153e+03 1.671232550006285464e+03 1.799803694419477779e+03 1.840026197981772611e+03 1.918797679393480621e+03 1.981471570010301093e+03
1.156887528316283351e+04 7.773952723387973265e+02 8.512885966386888867e+02 9.808382049575250221e+02 1.351552810928921872e+03 1.493210585805506526e+03 1.617315214182350701e+03 1.608044732334619766e+03 1.703652289970008042e+03 1.681249455982129348e+03 1.812710725837080872e+03 1.848919038837521157e+03 1.927165892911931905e+03 1.987340093555274734e+03
1.460686320364988933e+04 7.809505168204102574e+02 8.545298879972710893e+02 9.858279203382892319e+02 1.356907937679401584e+03 1.501153079453890996e+03 1.623798953264609054e+03 1.617898169480638899e+03 1.711191212200574000e+03 1.690291074652394855e+03 1.824090514727486607e+03 1.856775961468946889e+03 1.934516905814717120e+03 1.992213016061541339e+03
1.844262708585532891e+04 7.848632505334775260e+02 8.580641216773819906e+02 9.913205020936749179e+02 1.362777778633685102e+03 1.509778141806636995e+03 1.630946135982084115e+03 1.627751606626658258e+03 1.719486038302193037e+03 1.700413397420989668e+03 1.836532795965822288e+03 1.865380400917386851e+03 1.942604302865656791e+03 1.997499317966761282e+03
2.328566298498196556e+04 7.888644090175685051e+02 8.616165580220834954e+02 9.969393386994579487e+02 1.368735846645269021e+03 1.518381075573522367e+03 1.638276319082802729e+03 1.637605043772677618e+03 1.727964291869558338e+03 1.711085263026611983e+03 1.849103344812867135e+03 1.874099787256412810e+03 1.950869271015568984e+03 2.002761835017570775e+03
2.940048064334707669e+04 7.927083892626031911e+02 8.649509793175453751e+02 1.002282671839685918e+03 1.374403552115809362e+03 1.526475214444946005e+03 1.645348298300201577e+03 1.647458480918696978e+03 1.735933586015948777e+03 1.721217059261604390e+03 1.861068905791150883e+03 1.882537145750090531e+03 1.958776073885052028e+03 2.007845608283495039e+03
3.712105009066357161e+04 7.969467195896556859e+02 8.685857365248112956e+02 1.008143314925151572e+03 1.380620436543330243e+03 1.535287534846721428e+03 1.653156661524607898e+03 1.657311918064716110e+03 1.744624466450003411e+03 1.732293181643779690e+03 1.874141200334967152e+03 1.891813792818361208e+03 1.967486657124861949e+03 2.013513053873689614e+03
4.686904192314192187e+04 8.009600471417791141e+02 8.719540006541599269e+02 1.013632360195857359e+03 1.386442224026528720e+03 1.543358635661662220e+03 1.660552067413457962e+03 1.667874360881779694e+03 1.752676347498157611e+03 1.742504283366864001e+03 1.886087486628252918e+03 1.900343765565331751e+03 1.975758964873349896e+03 2.019157058514112350e+03
5.917685748188818980e+04 8.051214501656542097e+02 8.754056102807780917e+02 1.019300571239245073e+03 1.392431607483011931e+03 1.551642061196072063e+03 1.668235773494857540e+03 1.678729409348015452e+03 1.760950373514936928e+03 1.753148943904145654e+03 1.898673326595486515e+03 1.909226035862247272e+03 1.984326455413132862e+03 2.025281477065689614e+03
7.471670675868081162e+04 8.096125092056341828e+02 8.790886600160976059e+02 1.025393842382933371e+03 1.398847030424327158e+03 1.560494003651684807e+03 1.676544002610393591e+03 1.689584457814251209e+03 1.769802973423197727e+03 1.764695127312157638e+03 1.912460108628626585e+03 1.918850485179516681e+03 1.993562350215305059e+03 2.032170265913722005e+03
9.433732216299773427e+04 8.136301119401789492e+02 8.822095658692205689e+02 1.030840613347926592e+03 1.404551373324516817e+03 1.568351863896882605e+03 1.684064900850042704e+03 1.700439506280486967e+03 1.777627360823190202e+03 1.774981985213056532e+03 1.925251771135293438e+03 1.927348566915492711e+03 2.001897020775681995e+03 2.038695504016685845e+03
1.191103133283005591e+05 8.180591400211924338e+02 8.856680006611196632e+02 1.036834317105327500e+03 1.410812632957156893e+03 1.577043615438589541e+03 1.692395556736722256e+03 1.711294554746722952e+03 1.786213698440016515e+03 1.786373219589674591e+03 1.939304025055713282e+03 1.936731961847333878e+03 2.011105755253558300e+03 2.045934640647941478e+03
1.503886946955410240e+05 8.224559288490436302e+02 8.891688353585900586e+02 1.042759094558041625e+03 1.416968262100846459e+03 1.585750467729304091e+03 1.700747396562125459e+03 1.722149603212958709e+03 1.794657255018321166e+03 1.797809113221813732e+03 1.953070896843217042e+03 1.946098925189540751e+03 2.020286165472517268e+03 2.053178392356661789e+03
1.898807824465261365e+05 8.267535726282579844e+02 8.925863802460104353e+02 1.048487410859584088e+03 1.422899668734730085e+03 1.594276560677521729e+03 1.708954504052289622e+03 1.733004651679194467e+03 1.802831902920643643e+03 1.808928355626830125e+03 1.966890861622445300e+03 1.955205908283202916e+03 2.029216343888333995e+03 2.060096359301240682e+03
2.397434967801078456e+05 8.314773736227332392e+02 8.963504865230264613e+02 1.054737240660102316e+03 1.429363342854618850e+03 1.603660525880609157e+03 1.717995477845609230e+03 1.744399441339921168e+03 1.811738956118739225e+03 1.821088812547352063e+03 1.982244907365156678e+03 1.965187569285838663e+03 2.038985457783271386e+03 2.067585881654333662e+03
3.027001653763461509e+05 8.358749320533717082e+02 8.999374542048371950e+02 1.060430323238611663e+03 1.435271951388258458e+03 1.612434919092354221e+03 1.726396253261510310e+03 1.756200335674950338e+03 1.819705719103018055e+03 1.832142215103317994e+03 1.996377844241541425e+03 1.974447488000899511e+03 2.047871166598215723e+03 2.074283173078724758e+03
3.821892620633114711e+05 8.405579566163028176e+02 9.037879686762743177e+02 1.066427539882068004e+03 1.441531017684548033e+03 1.621797495001118705e+03 1.735343560662836126e+03 1.768001230009979281e+03 1.828128158720360489e+03 1.843772551718846216e+03 2.011426488930155756e+03 1.984123776931504608e+03 2.057163955017334956e+03 2.081325740731828319e+03
4.825522042741279001e+05 8.455330300967485755e+02 9.079178759479523251e+02 1.072715083893767314e+03 1.448138091558918177e+03 1.631767734103476187e+03 1.744850384244281940e+03 1.779802124345008679e+03 1.836997218843656356e+03 1.855948389447305772e+03 2.027411407800431107e+03 1.994167255130173999e+03 2.066819201192191485e+03 2.088693075313931786e+03
6.092704661368674133e+05 8.501481867232067771e+02 9.118752944013267552e+02 1.078419253544511776e+03 1.454260000738789131e+03 1.640956480338225902e+03 1.753750192862941958e+03 1.791603018680037621e+03 1.845317401348827843e+03 1.867485569136794311e+03 2.041836865110736426e+03 2.003405821521518874e+03 2.075582566984285677e+03 2.095445539971385642e+03
7.692649574879145948e+05 8.552477353915708136e+02 9.162700192545024720e+02 1.084689311746733665e+03 1.461014116967141035e+03 1.651094902749964831e+03 1.763643579918691557e+03 1.803403913015066792e+03 1.854541862061975053e+03 1.880234986429161836e+03 2.057712032307154914e+03 2.013580430678720404e+03 2.085193772978635479e+03 2.102882398557913803e+03
9.712740198471168987e+05 8.602378769526025053e+02 9.205768072750058764e+02 1.090785981678071721e+03 1.467594854618007275e+03 1.660999531069611521e+03 1.773469478037449335e+03 1.815204807350095962e+03 1.863619208192593078e+03 1.892596858128116082e+03 2.073244024751278175e+03 2.023470912165394793e+03 2.094470404930254062e+03 2.110124346880308167e+03
1.226330684177561896e+06 8.652148140021097333e+02 9.248220993068815687e+02 1.096826925821986606e+03 1.474201098123106931e+03 1.670784902087386627e+03 1.783449208759209341e+03 1.827419615356636314e+03 1.872628620260615207e+03 1.904495443620567357e+03 2.089032671633540758e+03 2.033403669089790810e+03 2.103620080483580750e+03 2.117361407412002791e+03
1.548365256585499039e+06 8.706862203021854612e+02 9.294506360869627315e+02 1.103448834910400819e+03 1.481499146330878830e+03 1.681467077249471686e+03 1.794562482077488994e+03 1.841995715688113023e+03 1.882515992074674159e+03 1.917275881520149142e+03 2.106592249392855592e+03 2.044390495695587560e+03 2.113596678116223302e+03 2.125338570162351516e+03
1.954966143091259757e+06 8.760073342846708329e+02 9.338716669451620191e+02 1.110022593759759047e+03 1.488708566997583375e+03 1.691639417461491803e+03 1.805724213272430461e+03 1.856571816019589505e+03 1.892353281888937772e+03 1.929556587649757603e+03 2.123678068543944391e+03 2.055441321706602594e+03 2.123076152784450642e+03 2.133296892676305561e+03
2.468340467068651225e+06 8.816950054823147411e+02 9.385512385195712568e+02 1.117098540733242544e+03 1.496447322131753026e+03 1.702455425247106859e+03 1.817771889761820375e+03 1.871147916351066215e+03 1.902963419737888216e+03 1.942757382264440139e+03 2.142238963771281306e+03 2.067472723718814450e+03 2.133153190235140755e+03 2.141874920959601695e+03
3.116526944929430261e+06 8.874544704256385330e+02 9.432149099885440364e+02 1.124344195543237220e+03 1.504337035147080542e+03 1.713314962209246914e+03 1.830162342854890312e+03 1.885724016682542697e+03 1.913862571391229267e+03 1.956245545671758236e+03 2.161519817346801574e+03 2.080013329270469058e+03 2.143267076477416595e+03 2.150677688712449708e+03
3.934927263095845468e+06 8.923921113083135879e+02 9.470780496999522029e+02 1.130665689935551427e+03 1.511200738268636087e+03 1.722607879184757621e+03 1.840972561624375203e+03 1.902411642728557581e+03 1.923372487081725922e+03 1.967818571836574392e+03 2.178285474500073633e+03 2.090999797839798703e+03 2.151892138543756573e+03 2.158360861823436608e+03
4.968239594734387472e+06 8.975106426928804240e+02 9.510537162101575177e+02 1.137274118353973790e+03 1.518353422484529574e+03 1.732234722866126049e+03 1.852263584204943299e+03 1.919425015771095786e+03 1.933311443918514897e+03 1.979867594140728670e+03 2.195699088580121042e+03 2.102523235895324888e+03 2.160810316973350837e+03 2.166384972819002996e+03
6.272899858196243644e+06 9.016229847069630523e+02 9.542910789369618669e+02 1.142686498893298676e+03 1.524138108832855778e+03 1.739962190667286450e+03 1.861468148017059775e+03 1.936438388813633992e+03 1.941439110146289067e+03 1.989762197058127640e+03 2.209540496889685528e+03 2.112071000176325470e+03 2.167933242605823580e+03 2.172919121675351562e+03
7.920164050192541443e+06 9.052304482985213099e+02 9.570834855002706263e+02 1.147490716876626948e+03 1.529229071728715326e+03 1.746745105280486541e+03 1.869590918278330037e+03 1.953451761856172197e+03 1.948642177587874812e+03 1.998474651741689286e+03 2.221957937845292236e+03 2.120553355772637588e+03 2.174169070680660298e+03 2.178703472545301338e+03
1.000000000000000000e+07 9.086580000000000155e+02 9.596879999999999882e+02 1.152113000000000056e+03 1.534083000000000084e+03 1.753193999999999960e+03 1.877357999999999947e+03 1.970465134898710403e+03 1.955560999999999922e+03 2.006786000000000058e+03 2.234038000000000011e+03 2.128722000000000207e+03 2.180081000000000131e+03 2.184253000000000156e+03
