100
0.1
0.10798010298258112
0.11659702640128823
0.12590158918273833
0.135948665656227
0.14679750917903883
0.1585121015873901
0.17116153053391742
0.184820396937086
0.19956925494548067
0.21549508701169987
0.23269181687763632
0.2512608634965108
0.27131173915845486
0.29296269534713143
0.31634142013637784
0.34158579123982036
0.3688446891546226
0.39827887519494265
0.4300619395933647
0.464381325261801
0.5014394332495677
0.5414548164181543
0.5846634683724685
0.631320215250122
0.6817002185769344
0.7361005980518543
0.7948421838317878
0.8582714086505613
0.9267623509309256
1.0007189409390032
1.0805773429921306
1.1668085277693414
1.2599210498948734
1.3604640471757015
1.4690304791813136
1.586260624265487
1.7128458556540072
1.8495327188680686
1.9971273345302731
2.156500152519066
2.3285910855096064
2.5144150521764765
2.71506796274968
2.9317331822241717
3.165688509340163
3.4183137124932452
3.691098667017898
3.985652141834605
4.303711287280454
4.647151880078402
5.017999385865613
5.418440904522977
5.85083806875421
6.317740971984857
6.821903207721969
7.366298109070187
7.954136284177913
8.588884551030162
9.274286383257364
10.014383987540798
10.813542142817669
11.676473941879326
12.608268587175546
13.61442140475258
14.700866253334402
15.874010519682
17.140772906618384
18.508624236576896
19.9856315113147
21.580505487636795
23.30265204971178
25.16222768095133
27.17019936260278
29.338409252311077
31.679644524096577
34.2077127816351
36.93752348959515
39.88517590327993
43.0680540151453
46.504929078147555
50.21607031056004
54.22336443514807
58.55044475769315
63.222830546116334
68.26807753219917
73.71594042349699
79.59854838387018
85.95059451754268
92.80954047418331
100.21583738168344
108.2131644095978
116.84868637019352
126.17333187632819
136.24209369661304
147.1143530792274
158.85422995710775
171.53096109987098
185.21930844265185
200.00000000000003
